0   0.74779301	0	1	0
1	0.64779301	0	1	0
2	0.467632318	0	0	1
3	0.490291353	1	0	0
4	0.652037804	0	1	0
5	0.535594558	0	1	0
6	0.407295886	0	0	1
7	0.685317611	0	1	1
8	0.4634185	0	0	0
9	0.879716639	0	1	0
10	0.504718881	0	1	0
11	0.292823931	0	0	0
12	0.467401217	0	0	0
13	0.485182388	0	0	1
14	0.619228707	0	1	0
15	0.623704615	0	1	0
16	0.767430679	0	1	0
17	0.901118012	0	1	0
18	0.890158295	0	1	0
19	0.394589399	0	0	1
20	0.43350464	0	0	0
21	0.530982658	0	1	1
22	0.552350028	0	1	0
23	0.730437711	0	1	0
24	0.615814239	0	1	0
25	0.671582287	0	1	0
26	0.556637112	0	1	0
27	0.601756794	0	1	0
28	0.465574718	0	0	1
29	0.786747794	0	1	0
30	0.861468286	0	1	0
31	0.793793769	0	1	0
32	0.737397921	0	1	0
33	0.613369031	0	1	0
34	0.189764724	0	0	1
35	0.482750869	0	0	1
36	0.921715671	0	1	0
37	0.603101099	0	1	0
38	0.704202214	0	1	0
39	0.665848052	0	1	1
40	0.739406917	0	1	0
41	0.531332181	0	1	0
42	0.807289054	0	1	0
43	0.739479114	0	1	0
44	0.456654942	0	0	0
45	0.172689068	0	0	1
46	0.583560205	0	1	1
47	0.45765014	0	0	1
48	0.543477377	0	1	1
49	0.602388622	0	1	0
50	0.758038832	0	1	0
51	0.546355152	0	1	0
52	0.614239313	0	1	0
53	0.756890924	0	1	1
54	0.318539966	0	0	0
55	0.186734142	0	0	0
56	0.807453125	0	1	0
57	0.452421064	0	0	1
58	0.123462338	0	0	1
59	0.900661479	0	1	0
60	0.791498715	0	1	0
61	0.814445344	0	1	0
62	0.588097799	0	1	1
63	0.579231661	0	1	1
64	0.340440912	0	0	0
65	0.702866772	0	1	0
66	0.930516327	0	1	0
67	0.27485096	0	0	1
68	0.789237722	0	1	0
69	0.433274475	0	0	0
70	0.917108999	0	1	0
71	0.844247797	0	1	0
72	0.316252248	0	0	1
73	0.738699628	0	1	0
74	0.511033981	0	1	1
75	0.867732354	0	1	0
76	0.64391213	0	1	0
77	0.920173742	0	1	0
78	0.498548387	0	0	1
79	0.22215449	0	0	1
80	0.678097559	0	1	1
81	0.692505045	0	1	1
82	0.53264316	0	1	1
83	0.82846639	0	1	0
84	0.557953668	0	1	0
85	0.625428905	0	1	0
86	0.738966613	0	1	0
87	0.809685136	0	1	0
88	0.827951189	0	1	1
89	0.734907024	0	1	1
90	0.558845628	0	1	1
91	0.272491178	0	0	0
92	0.620423072	0	1	0
93	0.487176343	0	0	0
94	0.421806551	0	0	1
95	0.343311105	0	0	0
96	0.371416409	0	0	1
97	0.715000853	0	1	1
98	0.321274264	0	0	0
99	0.660708537	0	1	1
100	0.427266718	0	0	0
101	0.560500776	0	1	0
102	0.769762005	0	1	0
103	0.337017938	0	0	0
104	0.209804317	0	0	
105	0.49423104	0	0	0
106	0.144932592	0	0	1
107	0.076706834	0	0	1
108	0.167226579	0	0	1
109	0.708882894	0	1	0
110	0.873886168	0	1	0
111	0.422198045	0	0	1
112	0.492323145	0	0	1
113	0.534757276	0	1	1
114	0.764506523	0	1	1
115	0.86052659	0	1	0
116	0.729098469	0	1	0
117	0.714199416	0	1	0
118	0.801723158	0	1	0
119	0.24078807	0	0	0
120	0.557760516	0	1	1
121	0.627303606	0	1	1
122	0.474104237	0	0	0
123	0.661030688	0	1	0
124	0.734947748	0	1	0
125	0.147924357	0	0	1
126	0.511073986	0	1	0
127	0.550230586	0	1	0
128	0.633258633	0	1	0
129	0.084381396	0	0	0
130	0.666995593	0	1	0
131	0.600138233	0	1	0
132	0.937581683	0	1	0
133	0.546771782	0	1	1
134	0.164789255	0	0	1
135	0.554800025	0	1	0
136	0.506741644	0	1	0
137	0.351377684	0	0	1
138	0.505684938	0	1	1
139	0.865764509	0	1	0
140	0.68218243	0	1	0
141	0.632611512	0	1	0
142	0.528725436	0	1	1
143	0.795595958	0	1	0
144	0.092076541	0	0	1
145	0.619993346	0	1	1
146	0.34745343	0	0	0
147	0.593018763	0	1	1
148	0.7052255	0	1	0
149	0.246098962	0	0	1
150	0.533383361	0	1	0
151	0.53608902	0	1	0
152	0.700425278	0	1	0
153	0.490686219	0	0	1
154	0.494936981	0	0	1
155	0.523908115	0	1	1
156	0.674228302	0	1	0
157	0.563071625	0	1	1
158	0.699734786	0	1	0
159	0.538283758	0	1	1
160	0.534913054	0	1	1
161	0.75792229	0	1	0
162	0.500272408	0	1	1
163	0.690693749	0	1	0
164	0.597598498	0	1	0
165	0.549092416	0	1	1
166	0.351024973	0	0	1
167	0.182504842	0	0	0
168	0.827618583	0	1	0
169	0.697914247	0	1	0
170	0.408148651	0	0	0
171	0.473986406	0	0	1
172	0.398458786	0	0	0
173	0.495787659	0	0	1
174	0.811238288	0	1	1
175	0.465830405	0	0	0
176	0.710395762	0	1	0
177	0.676289874	0	1	0
178	0.455354387	0	0	1
179	0.623368168	0	1	1
180	0.345447728	0	0	1
181	0.522328006	0	1	1
182	0.658058312	0	1	1
183	0.905866072	0	1	0
184	0.650724312	0	1	1
185	0.876754059	0	1	0
186	0.255152643	0	0	0
187	0.897156884	0	1	0
188	0.358536872	0	0	1
189	0.467737692	0	0	1
190	0.927955859	0	1	0
191	0.68336277	0	1	0
192	0.642823663	0	1	1
193	0.569015779	0	1	1
194	0.461713094	0	0	1
195	0.594751401	0	1	0
196	0.682816004	0	1	1
197	0.726329132	0	1	0
198	0.257183642	0	0	0
199	0.573649355	0	1	0
200	0.617258404	0	1	0
201	0.464566709	0	0	1
202	0.444454183	0	0	0
203	0.632482615	0	1	0
204	0.611149299	0	1	1
205	0.469419594	0	0	1
206	0.250848157	0	0	1
207	0.949871026	0	1	0
208	0.504325899	0	1	1
209	0.680474003	0	1	0
210	0.211685717	0	0	0
211	0.549765401	0	1	1
212	0.665163636	0	1	0
213	0.210783422	0	0	1
214	0.538475646	0	1	0
215	0.665260465	0	1	0
216	0.643313347	0	1	1
217	0.049261004	0	0	1
218	0.476985646	0	0	1
219	0.656257928	0	1	0
220	0.612761048	0	1	0
221	0.651592655	0	1	0
222	0.466473565	0	0	1
223	0.636243774	0	1	0
224	0.579609482	0	1	0
225	0.526470473	0	1	1
226	0.708260217	0	1	1
227	0.247536815	0	0	1
228	0.710627581	0	1	0
229	0.861741976	0	1	0
230	0.828026331	0	1	0
231	0.385940706	0	0	0
232	0.621157184	0	1	1
233	0.752545369	0	1	0
234	0.292434811	0	0	0
235	0.65760294	0	1	0
236	0.504777035	0	1	1
237	0.470004721	0	0	1
238	0.650058282	0	1	1
239	0.702318393	0	1	0
240	0.60305799	0	1	0
241	0.636767805	0	1	1
242	0.734275075	0	1	0
243	0.431490959	0	0	1
244	0.651914995	0	1	0
245	0.651512549	0	1	0
246	0.645231756	0	1	0
247	0.343831599	0	0	1
248	0.448755088	0	0	0
249	0.682713016	0	1	0
250	0.549496808	0	1	1
251	0.393190076	0	0	0
252	0.39901774	0	0	1
253	0.588597515	0	1	0
254	0.389716616	0	0	0
255	0.505770904	0	1	0
256	0.075445827	0	0	1
257	0.324809815	0	0	0
258	0.47491783	0	0	1
259	0.19617693	0	0	0
260	0.139998617	0	0	1
261	0.771572463	0	1	1
262	0.294575526	0	0	0
263	0.6892668	0	1	1
264	0.926658369	0	1	0
265	0.033408758	0	0	1
266	0.765835261	0	1	1
267	0.40530531	0	0	1
268	0.785880809	0	1	0
269	0.885686805	0	1	0
270	0.660800661	0	1	0
271	0.350931819	0	0	1
272	0.272749382	0	0	1
273	0.653452706	0	1	0
274	0.60618671	0	1	0
275	0.599650297	0	1	1
276	0.916020092	0	1	0
277	0.668766903	0	1	0
278	0.675495577	0	1	1
279	0.74092674	0	1	0
280	0.038187407	0	0	1
281	0.917339366	0	1	0
282	0.964948435	0	1	0
283	0.519417705	0	1	1
284	0.705753584	0	1	0
285	0.47040876	0	0	0
286	0.770462964	0	1	0
287	0.74229088	0	1	0
288	0.490761386	0	0	1
289	0.706064659	0	1	0
290	0.831157647	0	1	0
291	0.693978086	0	1	0
292	0.508812749	0	1	1
293	0.549080701	0	1	1
294	0.867449293	0	1	0
295	0.888140819	0	1	0
296	0.771541725	0	1	0
297	0.574779388	0	1	0
298	0.838537124	0	1	0
299	0.709454086	0	1	0
300	0.408528892	0	0	1
301	0.979039492	0	1	0
302	0.240182773	0	0	0
303	0.466517953	0	0	1
304	0.072448681	0	0	1
305	0.297000738	0	0	0
306	0.705238401	0	1	0
307	0.524923408	0	1	1
308	0.338661164	0	0	0
309	0.884242281	0	1	0
310	0.729463547	0	1	0
311	0.3727412	0	0	0
312	0.759089303	0	1	0
313	0.633383715	0	1	1
314	0.134336469	0	0	1
315	0.162898382	0	0	0
316	0.902280142	0	1	0
317	0.519497867	0	1	1
318	0.33101722	0	0	0
319	0.4081881	0	0	1
320	0.824589229	0	1	1
321	0.483626686	0	0	0
322	0.530078898	0	1	0
323	0.752404849	0	1	0
324	0.279754595	0	0	1
325	0.134116225	0	0	1
326	0.512665737	0	1	0
327	0.657541858	0	1	0
328	0.564194867	0	1	1
329	0.281589197	0	0	1
330	0.149975218	0	0	1
331	0.693202244	0	1	0
332	0.510615829	0	1	0
333	0.659776524	0	1	0
334	0.666072749	0	1	0
335	0.476659527	0	0	1
336	0.541805121	0	1	0
337	0.647356663	0	1	0
338	0.953875899	0	1	1
339	0.795919421	0	1	1
340	0.458770931	0	0	0
341	0.752141672	0	1	0
342	0.728225078	0	1	0
343	0.446207976	0	0	1
344	0.160524594	0	0	1
345	0.741280842	0	1	0
346	0.536805711	0	1	0
347	0.535354401	0	1	0
348	0.36025079	0	0	0
349	0.176701348	0	0	0
350	0.308884354	0	0	1
351	0.217619965	0	0	1
352	0.342447825	0	0	1
353	0.532439664	0	1	0
354	0.729535944	0	1	0
355	0.898746444	0	1	0
356	0.333729865	0	0	0
357	0.172908177	0	0	1
358	0.072300738	0	0	0
359	0.430427606	0	0	0
360	0.639576829	0	1	0
361	0.125528213	0	0	0
362	0.312517079	0	0	0
363	0.720727326	0	1	0
364	0.242600048	0	0	1
365	0.362768813	0	0	0
366	0.542063968	0	1	1
367	0.759929616	0	1	0
368	0.440360601	0	0	1
369	0.740197923	0	1	0
370	0.107808553	0	0	0
371	0.639237672	0	1	0
372	0.849544335	0	1	0
373	0.311621671	0	0	1
374	0.632865355	0	1	0
375	0.732198111	0	1	0
376	0.859895074	0	1	0
377	0.530021887	0	1	0
378	0.488820015	0	0	0
379	0.662324315	0	1	0
380	0.164117442	0	0	1
381	0.114439	0	0	1
382	0.630346932	0	1	0
383	0.811599557	0	1	0
384	0.598828785	0	1	1
385	0.37512276	0	0	1
386	0.651326357	0	1	0
387	0.636199335	0	1	1
388	0.646327495	0	1	1
389	0.727857913	0	1	0
390	0.676561649	0	1	0
391	0.973832983	0	1	0
392	0.691092982	0	1	0
393	0.83964685	0	1	0
394	0.596062444	0	1	0
395	0.718758611	0	1	0
396	0.318809739	0	0	1
397	0.45609882	0	0	1
398	0.66821363	0	1	0
399	0.664084788	0	1	1
400	0.631030584	0	1	0
401	0.490994848	0	0	1
402	0.595130174	0	1	0
403	0.207226553	0	0	0
404	0.666037235	0	1	1
405	0.480762369	0	0	1
406	0.492172178	0	0	0
407	0.608884609	0	1	0
408	0.591178734	0	1	1
409	0.444443996	0	0	1
410	0.900079637	0	1	0
411	0.85300896	0	1	0
412	0.545894414	0	1	0
413	0.512555056	0	1	1
414	0.628718565	0	1	1
415	0.475377505	0	0	1
416	0.665336097	0	1	0
417	0.748031857	0	1	0
418	0.740783102	0	1	0
419	0.753794288	0	1	0
420	0.622089869	0	1	1
421	0.601983907	0	1	0
422	0.686421843	0	1	0
423	0.905854514	0	1	0
424	0.415618454	0	0	1
425	0.526717928	0	1	0
426	0.791615278	0	1	0
427	0.781529433	0	1	0
428	0.482120378	0	0	0
429	0.809168133	0	1	0
430	0.176412723	0	0	1
431	0.47406628	0	0	0
432	0.855455099	0	1	0
433	0.659603963	0	1	1
434	0.400208798	0	0	0
435	0.668289734	0	1	0
436	0.638888765	0	1	0
437	0.49044178	0	0	1
438	0.613910022	0	1	1
439	0.44973592	0	0	1
440	0.708484851	0	1	0
441	0.590762403	0	1	1
442	0.565028794	0	1	1
443	0.314110629	0	0	1
444	0.749275649	0	1	0
445	0.856033512	0	1	0
446	0.709282933	0	1	0
447	0.700736995	0	1	0
448	0.370850007	0	0	0
449	0.351333387	0	0	0
450	0.822581997	0	1	0
451	0.258366294	0	0	1
452	0.40227351	0	0	0
453	0.657187924	0	1	0
454	0.835816018	0	1	0
455	0.483252281	0	0	1
456	0.467579589	0	0	1
457	0.845855553	0	1	1
458	0.513920451	0	1	1
459	0.791909765	0	1	0
460	0.818843982	0	1	0
461	0.708348009	0	1	0
462	0.018138618	0	0	1
463	0.58995882	0	1	1
464	0.635502838	0	1	0
465	0.697414545	0	1	0
466	0.785283158	0	1	0
467	0.65688222	0	1	0
468	0.633016402	0	1	1
469	0.880244633	0	1	0
470	0.341089599	0	0	1
471	0.76932902	0	1	0
472	0.487289877	0	0	0
473	0.780532464	0	1	0
474	0.597728439	0	1	0
475	0.401615224	0	0	1
476	0.789384911	0	1	0
477	0.460560684	0	0	1
478	0.518201337	0	1	1
479	0.129849464	0	0	0
480	0.570801703	0	1	0
481	0.618192796	0	1	1
482	0.404834598	0	0	1
483	0.151381434	0	0	0
484	0.789055067	0	1	0
485	0.590867188	0	1	0
486	0.227361151	0	0	1
487	0.670267022	0	1	0
488	0.066811243	0	0	1
489	0.623966905	0	1	0
490	0.633440268	0	1	0
491	0.528286602	0	1	0
492	0.425300098	0	0	1
493	0.618611291	0	1	0
494	0.325856	0	0	0
495	0.70719935	0	1	0
496	0.406840157	0	0	1
497	0.406987572	0	0	1
498	0.565490613	0	1	0
499	0.584557472	0	1	0
500	0.575255483	0	1	0